x y t dbg objectdetected case vx vy x_est y_est
2215.99 105.972 0.140145 1
2216.59 105.768 0.167323 2
2213.98 105.061 0.200801 2
2214.87 105.518 0.235714 2
2216.04 106.101 0.268616 2
2215.26 106.425 0.301964 2
2216.16 105.939 0.335482 2
2214.32 104.569 0.368497 2
2216.01 106.783 0.381094 2
2216.6 105.671 0.413749 2
2215.88 106.09 0.445966 2
2216.84 105.941 0.478941 2
2216.56 105.981 0.511447 2
2215.55 106.948 0.544 2
2216.27 105.483 0.576327 2
2216.6 106.344 0.60924 2
2214.74 106.612 0.643624 2
2216.07 105.171 0.676043 2
2215.76 105.718 0.708608 2
2214.99 107.159 0.742906 2
2214.31 105.665 0.776086 2
2215.83 106.769 0.810818 2
2216.16 105.897 0.843249 2
2214.91 106.191 0.87664 2
2215.53 105.361 0.910334 2
2216.42 106.736 0.942813 2
2216.09 104.917 0.974823 2
2215.48 106.582 1.00758 2
2216.88 105.821 1.0436 2
2213.86 105.207 1.0767 2
2214.98 105.582 1.11044 2
2216.16 105.979 1.1434 2
2216.03 105.665 1.17598 2
2214 105.014 1.20885 2
2217.57 105.882 1.24154 2
2216.07 105.844 1.27381 2
2213.82 105.029 1.30619 2
2215.8 107.127 1.33856 2
2215.71 106.327 1.37131 2
2215.27 105.999 1.4038 2
2216.62 106.626 1.43676 2
2216.02 106.521 1.46895 2
2214.48 106.389 1.50138 2
2215.63 105.97 1.53409 2
2216.83 106.616 1.56748 2
2214.55 105.344 1.59957 2
2216.54 105.597 1.63159 2
2216.65 105.683 1.66432 2
2215.72 106.386 1.69682 2
2214.23 104.867 1.72945 2
2215.79 105.754 1.76234 2
2216.63 106.675 1.79468 2
2216.49 106.482 1.82653 2
2214.24 105.981 1.8584 2
2214.56 105.581 1.89189 2
2214.8 106.197 1.92389 2
2216.58 105.612 1.95685 2
2216.52 105.361 1.99028 2
2214.45 106.103 2.02216 2
2216.78 106.058 2.05453 2
2216.54 105.777 2.0881 2
2215.48 106.039 2.12177 2
2214.65 107.279 2.15383 2
2216.28 106.687 2.18697 2
2215.14 106.726 2.22023 2
2216.84 105.851 2.25311 2
2215.83 105.641 2.28628 2
2216.4 108.73 2.31838 2
2215.88 106.728 2.35098 2
2215.02 105.254 2.38309 2
2216.03 106.497 2.41554 2
2215.96 105.269 2.44793 2
2216.73 106.047 2.48058 2
2214.03 105.489 2.51281 2
2214.87 105.801 2.54508 2
2215.26 105.275 2.57686 2
2216.09 106.563 2.61081 2
2214.25 106.629 2.64348 2
2216.54 106.478 2.67534 2
2216.2 106.796 2.70781 2
2216.72 106.491 2.74017 2
2215.85 105.771 2.77269 2
2216.75 105.125 2.80432 2
2217.13 106.969 2.83629 2
2216.02 106.119 2.86846 2
2216.88 106.725 2.90067 2
2214.36 106.201 2.93298 2
2215.35 106.654 2.96527 2
2215.28 105.968 2.99731 2
2216.82 105.927 3.02968 2
2216.6 106.559 3.06233 2
2214.82 105.638 3.09526 2
2215.86 105.846 3.12779 2
2214.3 106.085 3.16171 2
2214.98 109.372 3.19368 2
2215.71 105.424 3.22554 2
2215.69 104.784 3.25736 2
2215.68 106.333 3.29028 2
2214.49 105.951 3.32259 2
2215.92 105.043 3.35448 2
2214.95 105.329 3.38698 2
2217.5 104.938 3.41928 2
2216.7 105.165 3.45136 2
2217.51 106.746 3.48335 2
2216.45 108.657 3.51597 2
2216.3 105.436 3.54797 2
2214.33 106.258 3.5809 2
2214.85 106.415 3.61467 2
2216.67 106.104 3.64687 2
2215.9 105.133 3.67886 2
2216.63 105.705 3.71111 2
2215.89 106.502 3.74292 2
2216.82 105.029 3.77473 2
2215.48 105.959 3.80735 2
2216.3 105.597 3.84004 2
2214.95 104.295 3.87326 2
2216.38 105.352 3.9055 2
2215.92 106.016 3.93752 2
2215.93 105.784 3.97025 2
2216.79 105.89 4.00266 2
2217.52 105.9 4.0345 2
2216.21 105.911 4.06651 2
2216.6 105.761 4.09942 2
2216.18 105.969 4.13383 2
2214.08 105.266 4.16697 2
2217.22 106.979 4.20009 2
2217.77 104.594 4.23279 2
2217.23 105.332 4.2634 2
2217.47 105.202 4.29404 3
2217.7 105.074 4.3244 3
2217.94 104.946 4.35454 3
2218.17 104.82 4.38465 3
2218.41 104.694 4.41451 3
2218.64 104.567 4.44422 3
2218.87 104.443 4.47378 3
2219.1 104.318 4.50333 3
2219.34 104.192 4.53318 3
2219.57 104.068 4.56289 3
2219.8 103.942 4.59323 3
2220.04 103.814 4.62289 3
2220.28 103.684 4.65411 3
2220.51 103.557 4.68367 3
2220.74 103.432 4.71359 3
2206.88 501.106 4.85591 4
2209.52 555.861 4.89084 2
2233.86 803.196 4.92348 2
2246.05 874.495 4.95605 2
2260.57 925.154 4.98837 2
2278.12 974.56 5.02148 2
2300.88 1022.28 5.05415 2
2329.11 1075.89 5.08703 2
2336.61 1148.19 5.11852 2
2353.97 1207.19 5.14988 3
2370.8 1264.38 5.18077 3
2387.85 1322.32 5.21108 3
2404.57 1379.16 5.24163 3
2421.62 1437.11 5.27255 3
2438.55 1494.63 5.3034 3
2455.35 1551.74 5.33388 3
2472.28 1609.27 5.36458 3
2489.26 1667 5.39518 3
2505.73 1722.96 5.42485 3
2522.21 1778.96 5.45503 3
2538.96 1835.88 5.48541 3
2555.6 1892.46 5.51561 3
2572.13 1948.62 5.54522 3
2588.31 2003.61 5.57486 3
2807.97 1244.92 5.7199 4
2831.13 1239.46 5.75552 2
2927.43 1231.68 5.78735 2
2950.39 1233.97 5.82029 2
2963.87 1236.49 5.85291 2
2978.74 1238.12 5.88513 2
2998.19 1240.69 5.91719 2
3011.76 1243.07 5.95028 2
3027.31 1247.17 5.9828 2
3045.5 1247.82 6.01524 2
3059.25 1248.03 6.04823 2
3071.85 1249.67 6.08112 2
3083.16 1247.63 6.115 2
3102.83 1247.79 6.14932 2
3115.32 1245.06 6.18204 2
3129.33 1241.1 6.21444 2
3147.09 1235.51 6.24728 2
3159.83 1231.29 6.2805 2
3174.89 1226.64 6.31286 2
3196.72 1218.52 6.34575 2
3209.67 1212.46 6.3787 2
3226.73 1206.32 6.41173 2
3243.33 1200.13 6.44392 2
3266.92 1187.94 6.47631 2
3284.16 1180.93 6.5094 2
3301.62 1171.86 6.54262 2
3318.22 1161.2 6.57485 2
3339.47 1148.9 6.60749 2
3353 1138.65 6.64042 2
3365.46 1127.33 6.67434 2
3377.91 1114.34 6.7065 2
3391.31 1098.31 6.73902 2
3401.41 1085.95 6.77208 2
3411.2 1070.8 6.8046 2
3422.98 1053.13 6.83752 2
3430.39 1037.03 6.87029 2
3438.56 1021.7 6.90369 2
3448.43 1004.18 6.93733 2
3460.92 982.422 6.97021 2
3470.4 964.057 7.00291 2
3485.42 942.611 7.0358 2
3495.92 927.402 7.06815 2
3504.94 913.65 7.1014 2
3512.5 901.019 7.13478 2
3520.81 890.366 7.16813 2
3524.56 884.835 7.20123 2
3523.54 879.934 7.2341 2
3519.94 876.489 7.2668 2
3516.75 875.512 7.29971 2
3511.39 874.641 7.3325 2
3503.62 874.89 7.36502 2
3487.39 877.112 7.39717 2
3473.92 880.877 7.43019 2
3460.7 884.115 7.4628 2
3445.17 890.541 7.49508 2
3426.25 897.073 7.5275 2
3412.83 902.732 7.56074 2
3400.73 910.264 7.59337 2
3384 917.259 7.6262 2
3373.68 923.516 7.65897 2
3366.05 927.75 7.69295 2
3359.39 930.88 7.72592 2
3353.52 933.183 7.75923 2
3352.16 931.562 7.79204 2
3352.57 929.013 7.82504 2
3355.66 922.788 7.85821 2
3361.08 918.522 7.89151 2
3370.28 910.391 7.9248 2
3382.9 899.211 7.95768 2
3394.1 888.777 7.99094 2
3403.94 878.859 8.02342 2
3418.27 869.65 8.05587 2
3423.72 861.936 8.08904 2
3434.29 852.921 8.11925 2
3425.57 852.468 8.15243 3
3438.63 841.988 8.18398 2
3445.41 834.496 8.21438 3
3354.01 862.529 8.24716 3
3302.32 877.825 8.28022 2
3225.94 903.942 8.31347 2
3125.63 959.312 8.3456 2
2973.31 1071.36 8.37803 2
2857.09 1161.49 8.41087 2
2742.37 1241.81 8.44301 2
2592.69 1332.18 8.47588 2
2513.81 1381.45 8.50559 2
2405.67 1452.54 8.53599 3
2297.91 1523.37 8.56569 3
2147.66 1485.2 8.59766 3
2040.61 1497.91 8.63072 2
1933.79 1497.4 8.66339 2
1796.09 1489.78 8.69643 2
1694.19 1471.09 8.72804 2
1592.91 1442.82 8.76065 2
1495.03 1403.45 8.7932 2
1366.87 1338.37 8.82536 2
1274.53 1279.67 8.857 2
1181.18 1213.7 8.88955 2
1091.27 1135.92 8.92163 2
1003.94 1054.05 8.95394 2
893.16 930.358 8.98606 2
812.507 831.033 9.01894 2
709.492 770.673 9.04867 2
619.845 687.461 9.07885 3
531.561 605.515 9.10895 3
440.437 520.932 9.14012 3
348.881 435.949 9.17092 3
256.14 349.866 9.20242 3
167.635 267.714 9.23264 3
78.0389 184.55 9.26308 3
-11.6573 101.292 9.29361 3
-100.686 18.6545 9.3241 3
-188.736 -63.0747 9.3538 3
-279.056 -146.911 9.38452 3
-367.289 -228.81 9.41456 3
-455.091 -310.309 9.44446 3
-543.004 -391.911 9.47452 3
-631.761 -474.296 9.50456 3
-631.761 -474.296 9.6464 4
-631.761 -474.296 9.78345 4
-631.761 -474.296 9.91574 4
-631.761 -474.296 10.0515 4
-631.761 -474.296 10.1908 4
-631.761 -474.296 10.3272 4
-631.761 -474.296 10.4599 4
-631.761 -474.296 10.5996 4
-631.761 -474.296 10.735 4
-631.761 -474.296 10.8692 4
-631.761 -474.296 11.0061 4
-631.761 -474.296 11.1408 4
-631.761 -474.296 11.2767 4
-631.761 -474.296 11.4109 4
-631.761 -474.296 11.5485 4
-631.761 -474.296 11.6883 4
-631.761 -474.296 11.8229 4
-631.761 -474.296 11.9568 4
-631.761 -474.296 12.0924 4
-631.761 -474.296 12.2264 4
-631.761 -474.296 12.3598 4
-631.761 -474.296 12.4934 4
-631.761 -474.296 12.6277 4
-631.761 -474.296 12.7665 4
-631.761 -474.296 12.9018 4
-631.761 -474.296 13.038 4
-631.761 -474.296 13.1789 4
-631.761 -474.296 13.3205 4
-631.761 -474.296 13.4585 4
-631.761 -474.296 13.5984 4
-631.761 -474.296 13.738 4
-631.761 -474.296 13.8789 4
-631.761 -474.296 14.0147 4
-631.761 -474.296 14.1503 4
-631.761 -474.296 14.2912 4
-631.761 -474.296 14.4292 4
-631.761 -474.296 14.5673 4
-631.761 -474.296 14.705 4
-631.761 -474.296 14.8411 4
-631.761 -474.296 14.9748 4
-631.761 -474.296 15.1128 4
-631.761 -474.296 15.2476 4
-631.761 -474.296 15.3835 4
-631.761 -474.296 15.5172 4
-631.761 -474.296 15.6552 4
-631.761 -474.296 15.7902 4
-631.761 -474.296 15.9256 4
-631.761 -474.296 16.0598 4
-631.761 -474.296 16.194 4
-631.761 -474.296 16.3316 4
-631.761 -474.296 16.4656 4
-631.761 -474.296 16.5996 4
-631.761 -474.296 16.7377 4
-631.761 -474.296 16.8785 4
-631.761 -474.296 17.0131 4
-631.761 -474.296 17.15 4
-631.761 -474.296 17.2899 4
-631.761 -474.296 17.4257 4
-631.761 -474.296 17.5608 4
-631.761 -474.296 17.6963 4
-631.761 -474.296 17.8316 4
-631.761 -474.296 17.9679 4
-631.761 -474.296 18.1041 4
-631.761 -474.296 18.2389 4
-631.761 -474.296 18.3741 4
-631.761 -474.296 18.5073 4
-631.761 -474.296 18.644 4
-631.761 -474.296 18.7786 4
-631.761 -474.296 18.9145 4
-631.761 -474.296 19.0497 4
-631.761 -474.296 19.1896 4
-631.761 -474.296 19.3288 4
-631.761 -474.296 19.469 4
-631.761 -474.296 19.6073 4
-631.761 -474.296 19.7431 4
-631.761 -474.296 19.8787 4
-631.761 -474.296 20.0162 4
-631.761 -474.296 20.1494 4
-631.761 -474.296 20.2835 4
-631.761 -474.296 20.4184 4
-631.761 -474.296 20.5573 4
-631.761 -474.296 20.6942 4
-631.761 -474.296 20.8321 4
-631.761 -474.296 20.9682 4
-631.761 -474.296 21.1071 4
-631.761 -474.296 21.2447 4
-631.761 -474.296 21.383 4
-631.761 -474.296 21.5206 4
-631.761 -474.296 21.6543 4
-631.761 -474.296 21.7903 4
-631.761 -474.296 21.93 4
-631.761 -474.296 22.0626 4
-631.761 -474.296 22.1978 4
-631.761 -474.296 22.3348 4
-631.761 -474.296 22.4721 4
-631.761 -474.296 22.6052 4
-631.761 -474.296 22.7394 4
-631.761 -474.296 22.8724 4
-631.761 -474.296 23.0101 4
-631.761 -474.296 23.1463 4
-631.761 -474.296 23.2847 4
-631.761 -474.296 23.4198 4
-631.761 -474.296 23.5553 4
-631.761 -474.296 23.6938 4
-631.761 -474.296 23.8317 4
-631.761 -474.296 23.9684 4
-631.761 -474.296 24.1067 4
-631.761 -474.296 24.2481 4
-631.761 -474.296 24.3842 4
-631.761 -474.296 24.5221 4
-631.761 -474.296 24.6601 4
-631.761 -474.296 24.7946 4
-631.761 -474.296 24.9298 4
-631.761 -474.296 25.0689 4
-631.761 -474.296 25.2038 4
-631.761 -474.296 25.3377 4
-631.761 -474.296 25.4775 4
